features                                                                             train    test
(0,)                                                                               0.77760 0.78240
(1,)                                                                               0.57440 0.57307
(2,)                                                                               0.43920 0.43747
(3,)                                                                               0.53884 0.52653
(4,)                                                                               0.54342 0.53653
(5,)                                                                               0.77858 0.78480
(6,)                                                                               0.79489 0.79907
(7,)                                                                               0.78431 0.78773
(8,)                                                                               0.43929 0.44067
(9,)                                                                               0.43787 0.43800
(10,)                                                                              0.44560 0.44440
(5, 6)                                                                             0.77871 0.78467
(5, 7)                                                                             0.76627 0.77293
(5, 8)                                                                             0.76511 0.77480
(5, 9)                                                                             0.76760 0.77453
(5, 10)                                                                            0.76293 0.76987
(6, 7)                                                                             0.78258 0.78693
(6, 8)                                                                             0.78489 0.79187
(6, 9)                                                                             0.78751 0.78973
(6, 10)                                                                            0.78244 0.78573
(7, 8)                                                                             0.46222 0.46013
(7, 9)                                                                             0.47489 0.47160
(7, 10)                                                                            0.48396 0.48187
(8, 9)                                                                             0.46151 0.46080
(8, 10)                                                                            0.47644 0.47640
(9, 10)                                                                            0.46444 0.46160
(5, 6, 7)                                                                          0.77911 0.78547
(5, 6, 8)                                                                          0.77591 0.78427
(5, 6, 9)                                                                          0.77618 0.78373
(5, 6, 10)                                                                         0.77827 0.78480
(5, 7, 8)                                                                          0.76627 0.77293
(5, 7, 9)                                                                          0.76636 0.77280
(5, 7, 10)                                                                         0.76636 0.77293
(5, 8, 9)                                                                          0.76551 0.77493
(5, 8, 10)                                                                         0.76480 0.77507
(5, 9, 10)                                                                         0.76760 0.77467
(6, 7, 8)                                                                          0.77484 0.78147
(6, 7, 9)                                                                          0.77609 0.77933
(6, 7, 10)                                                                         0.77178 0.77560
(6, 8, 9)                                                                          0.77938 0.78507
(6, 8, 10)                                                                         0.77498 0.78027
(6, 9, 10)                                                                         0.77996 0.78000
(7, 8, 9)                                                                          0.47858 0.47520
(7, 8, 10)                                                                         0.48956 0.48773
(7, 9, 10)                                                                         0.48996 0.48693
(8, 9, 10)                                                                         0.48356 0.48333
(5, 6, 7, 8)                                                                       0.77907 0.78547
(5, 6, 7, 9)                                                                       0.77836 0.78480
(5, 6, 7, 10)                                                                      0.77738 0.78427
(5, 6, 8, 9)                                                                       0.78187 0.78933
(5, 6, 8, 10)                                                                      0.77582 0.78453
(5, 6, 9, 10)                                                                      0.77933 0.78880
(5, 7, 8, 9)                                                                       0.76636 0.77293
(5, 7, 8, 10)                                                                      0.76631 0.77280
(5, 7, 9, 10)                                                                      0.76640 0.77253
(5, 8, 9, 10)                                                                      0.76280 0.77347
(6, 7, 8, 9)                                                                       0.77013 0.77560
(6, 7, 8, 10)                                                                      0.76618 0.77200
(6, 7, 9, 10)                                                                      0.76964 0.77147
(6, 8, 9, 10)                                                                      0.77129 0.77560
(7, 8, 9, 10)                                                                      0.49360 0.49120
(5, 6, 7, 8, 9)                                                                    0.77831 0.78467
(5, 6, 7, 8, 10)                                                                   0.77813 0.78440
(5, 6, 7, 9, 10)                                                                   0.77849 0.78467
(5, 6, 8, 9, 10)                                                                   0.78187 0.78933
(5, 7, 8, 9, 10)                                                                   0.76636 0.77267
(6, 7, 8, 9, 10)                                                                   0.76320 0.76760
(5, 6, 7, 8, 9, 10)                                                                0.77827 0.78467
(11,)                                                                              0.73467 0.73627
(12,)                                                                              0.72253 0.72267
(13,)                                                                              0.71502 0.71853
(14,)                                                                              0.70836 0.71387
(15,)                                                                              0.70711 0.70440
(16,)                                                                              0.76329 0.76907
(11, 12)                                                                           0.63444 0.63067
(11, 13)                                                                           0.63031 0.63280
(11, 14)                                                                           0.56844 0.55947
(11, 15)                                                                           0.54671 0.54120
(11, 16)                                                                           0.55187 0.54467
(12, 13)                                                                           0.66249 0.66893
(12, 14)                                                                           0.59418 0.59000
(12, 15)                                                                           0.53893 0.53840
(12, 16)                                                                           0.54053 0.53253
(13, 14)                                                                           0.61582 0.61387
(13, 15)                                                                           0.53351 0.52600
(13, 16)                                                                           0.53129 0.52653
(14, 15)                                                                           0.61738 0.62133
(14, 16)                                                                           0.55360 0.54760
(15, 16)                                                                           0.61200 0.61053
(11, 12, 13)                                                                       0.61467 0.61120
(11, 12, 14)                                                                       0.55520 0.54653
(11, 12, 15)                                                                       0.53880 0.52587
(11, 12, 16)                                                                       0.54058 0.52760
(11, 13, 14)                                                                       0.56569 0.55813
(11, 13, 15)                                                                       0.54347 0.53667
(11, 13, 16)                                                                       0.54364 0.53507
(11, 14, 15)                                                                       0.53929 0.52973
(11, 14, 16)                                                                       0.53729 0.52867
(11, 15, 16)                                                                       0.53902 0.53133
(12, 13, 14)                                                                       0.60351 0.60200
(12, 13, 15)                                                                       0.55018 0.55067
(12, 13, 16)                                                                       0.55400 0.54613
(12, 14, 15)                                                                       0.53191 0.53067
(12, 14, 16)                                                                       0.52938 0.52240
(12, 15, 16)                                                                       0.52640 0.52347
(13, 14, 15)                                                                       0.52618 0.51747
(13, 14, 16)                                                                       0.51800 0.51040
(13, 15, 16)                                                                       0.51733 0.50947
(14, 15, 16)                                                                       0.53960 0.53720
(11, 12, 13, 14)                                                                   0.55893 0.55120
(11, 12, 13, 15)                                                                   0.54542 0.53427
(11, 12, 13, 16)                                                                   0.54693 0.53467
(11, 12, 14, 15)                                                                   0.53516 0.52373
(11, 12, 14, 16)                                                                   0.53316 0.52320
(11, 12, 15, 16)                                                                   0.53333 0.52387
(11, 13, 14, 15)                                                                   0.54120 0.53120
(11, 13, 14, 16)                                                                   0.53987 0.53147
(11, 13, 15, 16)                                                                   0.53778 0.52867
(11, 14, 15, 16)                                                                   0.53480 0.52467
(12, 13, 14, 15)                                                                   0.54084 0.54107
(12, 13, 14, 16)                                                                   0.53582 0.53200
(12, 13, 15, 16)                                                                   0.53791 0.53293
(12, 14, 15, 16)                                                                   0.52400 0.51867
(13, 14, 15, 16)                                                                   0.41796 0.40813
(11, 12, 13, 14, 15)                                                               0.54102 0.53107
(11, 12, 13, 14, 16)                                                               0.53769 0.53067
(11, 12, 13, 15, 16)                                                               0.53987 0.52680
(11, 12, 14, 15, 16)                                                               0.53120 0.52107
(11, 13, 14, 15, 16)                                                               0.53724 0.52720
(12, 13, 14, 15, 16)                                                               0.53164 0.52667
(11, 12, 13, 14, 15, 16)                                                           0.53578 0.52640
(17,)                                                                              0.48711 0.48147
(18,)                                                                              0.68342 0.69347
(19,)                                                                              0.42831 0.42960
(20,)                                                                              0.40618 0.40960
(21,)                                                                              0.40449 0.40427
(22,)                                                                              0.67587 0.68533
(17, 18)                                                                           0.55502 0.55533
(17, 19)                                                                           0.54547 0.54173
(17, 20)                                                                           0.53800 0.53427
(17, 21)                                                                           0.55951 0.55160
(17, 22)                                                                           0.51667 0.51213
(18, 19)                                                                           0.53849 0.54440
(18, 20)                                                                           0.52796 0.53320
(18, 21)                                                                           0.52813 0.53480
(18, 22)                                                                           0.53622 0.53813
(19, 20)                                                                           0.49173 0.49920
(19, 21)                                                                           0.48942 0.49373
(19, 22)                                                                           0.48809 0.49373
(20, 21)                                                                           0.41818 0.41627
(20, 22)                                                                           0.64907 0.64947
(21, 22)                                                                           0.46747 0.46827
(17, 18, 19)                                                                       0.45742 0.45733
(17, 18, 20)                                                                       0.45662 0.45293
(17, 18, 21)                                                                       0.45640 0.45373
(17, 18, 22)                                                                       0.45516 0.45533
(17, 19, 20)                                                                       0.45378 0.45120
(17, 19, 21)                                                                       0.48093 0.47947
(17, 19, 22)                                                                       0.45036 0.45093
(17, 20, 21)                                                                       0.45098 0.44627
(17, 20, 22)                                                                       0.58840 0.58053
(17, 21, 22)                                                                       0.55818 0.55213
(18, 19, 20)                                                                       0.44667 0.44880
(18, 19, 21)                                                                       0.44640 0.45187
(18, 19, 22)                                                                       0.44418 0.44680
(18, 20, 21)                                                                       0.44329 0.44493
(18, 20, 22)                                                                       0.44231 0.44040
(18, 21, 22)                                                                       0.43956 0.44227
(19, 20, 21)                                                                       0.43618 0.43333
(19, 20, 22)                                                                       0.43422 0.43080
(19, 21, 22)                                                                       0.43267 0.42973
(20, 21, 22)                                                                       0.42791 0.42387
(17, 18, 19, 20)                                                                   0.46244 0.46067
(17, 18, 19, 21)                                                                   0.46284 0.46147
(17, 18, 19, 22)                                                                   0.46080 0.46147
(17, 18, 20, 21)                                                                   0.46204 0.45853
(17, 18, 20, 22)                                                                   0.46071 0.45867
(17, 18, 21, 22)                                                                   0.45924 0.45720
(17, 19, 20, 21)                                                                   0.49751 0.49467
(17, 19, 20, 22)                                                                   0.45800 0.45587
(17, 19, 21, 22)                                                                   0.45609 0.45627
(17, 20, 21, 22)                                                                   0.45520 0.44960
(18, 19, 20, 21)                                                                   0.45204 0.45387
(18, 19, 20, 22)                                                                   0.54000 0.54320
(18, 19, 21, 22)                                                                   0.45102 0.45640
(18, 20, 21, 22)                                                                   0.46738 0.46813
(19, 20, 21, 22)                                                                   0.44164 0.43640
(17, 18, 19, 20, 21)                                                               0.55973 0.56067
(17, 18, 19, 20, 22)                                                               0.46502 0.46280
(17, 18, 19, 21, 22)                                                               0.46484 0.46267
(17, 18, 20, 21, 22)                                                               0.46453 0.46147
(17, 19, 20, 21, 22)                                                               0.58329 0.57693
(18, 19, 20, 21, 22)                                                               0.54338 0.54413
(17, 18, 19, 20, 21, 22)                                                           0.64080 0.63453
(0, 1)                                                                             0.77760 0.78240
(0, 2)                                                                             0.77760 0.78240
(0, 3)                                                                             0.77760 0.78240
(0, 4)                                                                             0.54876 0.55680
(0, 6)                                                                             0.77760 0.78240
(0, 16)                                                                            0.69582 0.70013
(0, 18)                                                                            0.77760 0.78240
(1, 2)                                                                             0.51364 0.51680
(1, 3)                                                                             0.57516 0.57307
(1, 4)                                                                             0.57369 0.57147
(1, 6)                                                                             0.65520 0.65773
(1, 16)                                                                            0.57440 0.57307
(1, 18)                                                                            0.46369 0.46920
(2, 3)                                                                             0.49893 0.48760
(2, 4)                                                                             0.54738 0.54840
(2, 6)                                                                             0.79489 0.79907
(2, 16)                                                                            0.44307 0.43987
(2, 18)                                                                            0.43600 0.44120
(3, 4)                                                                             0.53884 0.52653
(3, 6)                                                                             0.64676 0.64827
(3, 16)                                                                            0.53884 0.52653
(3, 18)                                                                            0.44951 0.44947
(4, 6)                                                                             0.69507 0.69667
(4, 16)                                                                            0.53991 0.53813
(4, 18)                                                                            0.42600 0.43027
(6, 16)                                                                            0.64382 0.65280
(6, 18)                                                                            0.64387 0.64587
(16, 18)                                                                           0.59116 0.58867
(0, 1, 2)                                                                          0.77760 0.78240
(0, 1, 3)                                                                          0.77760 0.78240
(0, 1, 4)                                                                          0.54876 0.55693
(0, 1, 6)                                                                          0.77760 0.78240
(0, 1, 16)                                                                         0.69582 0.70013
(0, 1, 18)                                                                         0.77760 0.78240
(0, 2, 3)                                                                          0.77760 0.78240
(0, 2, 4)                                                                          0.54858 0.55640
(0, 2, 6)                                                                          0.77760 0.78240
(0, 2, 16)                                                                         0.69582 0.70013
(0, 2, 18)                                                                         0.77760 0.78240
(0, 3, 4)                                                                          0.54876 0.55680
(0, 3, 6)                                                                          0.77760 0.78240
(0, 3, 16)                                                                         0.69582 0.70013
(0, 3, 18)                                                                         0.77760 0.78240
(0, 4, 6)                                                                          0.55058 0.56013
(0, 4, 16)                                                                         0.53969 0.54480
(0, 4, 18)                                                                         0.55009 0.55787
(0, 6, 16)                                                                         0.69582 0.70013
(0, 6, 18)                                                                         0.77760 0.78240
(0, 16, 18)                                                                        0.69484 0.70080
(1, 2, 3)                                                                          0.53551 0.53587
(1, 2, 4)                                                                          0.53222 0.53493
(1, 2, 6)                                                                          0.65520 0.65773
(1, 2, 16)                                                                         0.52280 0.52360
(1, 2, 18)                                                                         0.44062 0.44547
(1, 3, 4)                                                                          0.57516 0.57307
(1, 3, 6)                                                                          0.74249 0.74120
(1, 3, 16)                                                                         0.45369 0.44587
(1, 3, 18)                                                                         0.46191 0.46800
(1, 4, 6)                                                                          0.67151 0.67733
(1, 4, 16)                                                                         0.57378 0.57187
(1, 4, 18)                                                                         0.53458 0.54213
(1, 6, 16)                                                                         0.67738 0.68613
(1, 6, 18)                                                                         0.65613 0.65827
(1, 16, 18)                                                                        0.59116 0.58867
(2, 3, 4)                                                                          0.49911 0.48813
(2, 3, 6)                                                                          0.64978 0.65200
(2, 3, 16)                                                                         0.50720 0.49920
(2, 3, 18)                                                                         0.44049 0.44587
(2, 4, 6)                                                                          0.69560 0.69933
(2, 4, 16)                                                                         0.45222 0.45013
(2, 4, 18)                                                                         0.42573 0.43067
(2, 6, 16)                                                                         0.64876 0.65547
(2, 6, 18)                                                                         0.65302 0.65587
(2, 16, 18)                                                                        0.39680 0.40253
(3, 4, 6)                                                                          0.65253 0.65640
(3, 4, 16)                                                                         0.53884 0.52667
(3, 4, 18)                                                                         0.49764 0.49853
(3, 6, 16)                                                                         0.69938 0.69907
(3, 6, 18)                                                                         0.66707 0.66760
(3, 16, 18)                                                                        0.59116 0.58867
(4, 6, 16)                                                                         0.68084 0.68520
(4, 6, 18)                                                                         0.60782 0.60787
(4, 16, 18)                                                                        0.39542 0.39507
(6, 16, 18)                                                                        0.63587 0.64227
(0, 1, 2, 3)                                                                       0.77760 0.78240
(0, 1, 2, 4)                                                                       0.54876 0.55680
(0, 1, 2, 6)                                                                       0.77760 0.78240
(0, 1, 2, 16)                                                                      0.69582 0.70013
(0, 1, 2, 18)                                                                      0.77760 0.78240
(0, 1, 3, 4)                                                                       0.54884 0.55680
(0, 1, 3, 6)                                                                       0.77760 0.78240
(0, 1, 3, 16)                                                                      0.69582 0.70013
(0, 1, 3, 18)                                                                      0.77760 0.78240
(0, 1, 4, 6)                                                                       0.55058 0.56013
(0, 1, 4, 16)                                                                      0.53969 0.54480
(0, 1, 4, 18)                                                                      0.55000 0.55773
(0, 1, 6, 16)                                                                      0.69582 0.70013
(0, 1, 6, 18)                                                                      0.77760 0.78240
(0, 1, 16, 18)                                                                     0.69484 0.70080
(0, 2, 3, 4)                                                                       0.54880 0.55653
(0, 2, 3, 6)                                                                       0.77760 0.78240
(0, 2, 3, 16)                                                                      0.69582 0.70013
(0, 2, 3, 18)                                                                      0.77760 0.78240
(0, 2, 4, 6)                                                                       0.55053 0.56013
(0, 2, 4, 16)                                                                      0.53973 0.54480
(0, 2, 4, 18)                                                                      0.54991 0.55787
(0, 2, 6, 16)                                                                      0.64969 0.65587
(0, 2, 6, 18)                                                                      0.77760 0.78240
(0, 2, 16, 18)                                                                     0.69484 0.70080
(0, 3, 4, 6)                                                                       0.55058 0.56013
(0, 3, 4, 16)                                                                      0.53964 0.54480
(0, 3, 4, 18)                                                                      0.54973 0.55747
(0, 3, 6, 16)                                                                      0.69582 0.70013
(0, 3, 6, 18)                                                                      0.77760 0.78240
(0, 3, 16, 18)                                                                     0.69484 0.70080
(0, 4, 6, 16)                                                                      0.54138 0.54773
(0, 4, 6, 18)                                                                      0.54884 0.55640
(0, 4, 16, 18)                                                                     0.54422 0.55107
(0, 6, 16, 18)                                                                     0.69484 0.70080
(1, 2, 3, 4)                                                                       0.53698 0.53773
(1, 2, 3, 6)                                                                       0.69156 0.69053
(1, 2, 3, 16)                                                                      0.53956 0.54040
(1, 2, 3, 18)                                                                      0.44004 0.44320
(1, 2, 4, 6)                                                                       0.67004 0.67293
(1, 2, 4, 16)                                                                      0.53329 0.53560
(1, 2, 4, 18)                                                                      0.53476 0.54133
(1, 2, 6, 16)                                                                      0.67151 0.68053
(1, 2, 6, 18)                                                                      0.67951 0.68680
(1, 2, 16, 18)                                                                     0.50369 0.50493
(1, 3, 4, 6)                                                                       0.68924 0.68920
(1, 3, 4, 16)                                                                      0.55062 0.54947
(1, 3, 4, 18)                                                                      0.54142 0.54067
(1, 3, 6, 16)                                                                      0.65982 0.66493
(1, 3, 6, 18)                                                                      0.72124 0.72880
(1, 3, 16, 18)                                                                     0.59116 0.58867
(1, 4, 6, 16)                                                                      0.67271 0.68240
(1, 4, 6, 18)                                                                      0.65920 0.66680
(1, 4, 16, 18)                                                                     0.39533 0.39493
(1, 6, 16, 18)                                                                     0.66604 0.67200
(2, 3, 4, 6)                                                                       0.66142 0.66533
(2, 3, 4, 16)                                                                      0.54604 0.53853
(2, 3, 4, 18)                                                                      0.46893 0.46960
(2, 3, 6, 16)                                                                      0.68684 0.68893
(2, 3, 6, 18)                                                                      0.67524 0.67707
(2, 3, 16, 18)                                                                     0.39396 0.39867
(2, 4, 6, 16)                                                                      0.67929 0.68427
(2, 4, 6, 18)                                                                      0.64960 0.65640
(2, 4, 16, 18)                                                                     0.39547 0.39493
(2, 6, 16, 18)                                                                     0.66796 0.67573
(3, 4, 6, 16)                                                                      0.68453 0.68747
(3, 4, 6, 18)                                                                      0.66764 0.66960
(3, 4, 16, 18)                                                                     0.39542 0.39493
(3, 6, 16, 18)                                                                     0.67969 0.68147
(4, 6, 16, 18)                                                                     0.62476 0.63200
(0, 1, 2, 3, 4)                                                                    0.54876 0.55667
(0, 1, 2, 3, 6)                                                                    0.77760 0.78240
(0, 1, 2, 3, 16)                                                                   0.69582 0.70013
(0, 1, 2, 3, 18)                                                                   0.77760 0.78240
(0, 1, 2, 4, 6)                                                                    0.55058 0.56013
(0, 1, 2, 4, 16)                                                                   0.53973 0.54480
(0, 1, 2, 4, 18)                                                                   0.55000 0.55787
(0, 1, 2, 6, 16)                                                                   0.63307 0.63747
(0, 1, 2, 6, 18)                                                                   0.77760 0.78240
(0, 1, 2, 16, 18)                                                                  0.69484 0.70080
(0, 1, 3, 4, 6)                                                                    0.55058 0.56013
(0, 1, 3, 4, 16)                                                                   0.53956 0.54480
(0, 1, 3, 4, 18)                                                                   0.55000 0.55747
(0, 1, 3, 6, 16)                                                                   0.64747 0.64920
(0, 1, 3, 6, 18)                                                                   0.77760 0.78240
(0, 1, 3, 16, 18)                                                                  0.69484 0.70080
(0, 1, 4, 6, 16)                                                                   0.54138 0.54773
(0, 1, 4, 6, 18)                                                                   0.54876 0.55640
(0, 1, 4, 16, 18)                                                                  0.54427 0.55093
(0, 1, 6, 16, 18)                                                                  0.69484 0.70080
(0, 2, 3, 4, 6)                                                                    0.55058 0.56013
(0, 2, 3, 4, 16)                                                                   0.53973 0.54493
(0, 2, 3, 4, 18)                                                                   0.55000 0.55800
(0, 2, 3, 6, 16)                                                                   0.63147 0.63480
(0, 2, 3, 6, 18)                                                                   0.77760 0.78240
(0, 2, 3, 16, 18)                                                                  0.69484 0.70080
(0, 2, 4, 6, 16)                                                                   0.54133 0.54760
(0, 2, 4, 6, 18)                                                                   0.54867 0.55613
(0, 2, 4, 16, 18)                                                                  0.54422 0.55093
(0, 2, 6, 16, 18)                                                                  0.69480 0.70080
(0, 3, 4, 6, 16)                                                                   0.54133 0.54773
(0, 3, 4, 6, 18)                                                                   0.54880 0.55613
(0, 3, 4, 16, 18)                                                                  0.54436 0.55093
(0, 3, 6, 16, 18)                                                                  0.69484 0.70080
(0, 4, 6, 16, 18)                                                                  0.54391 0.54960
(1, 2, 3, 4, 6)                                                                    0.68280 0.68573
(1, 2, 3, 4, 16)                                                                   0.53862 0.54053
(1, 2, 3, 4, 18)                                                                   0.53609 0.54120
(1, 2, 3, 6, 16)                                                                   0.66769 0.67267
(1, 2, 3, 6, 18)                                                                   0.67200 0.67480
(1, 2, 3, 16, 18)                                                                  0.53129 0.53360
(1, 2, 4, 6, 16)                                                                   0.67711 0.68427
(1, 2, 4, 6, 18)                                                                   0.66782 0.67627
(1, 2, 4, 16, 18)                                                                  0.39538 0.39480
(1, 2, 6, 16, 18)                                                                  0.66187 0.67053
(1, 3, 4, 6, 16)                                                                   0.66702 0.67200
(1, 3, 4, 6, 18)                                                                   0.67302 0.67520
(1, 3, 4, 16, 18)                                                                  0.53489 0.53560
(1, 3, 6, 16, 18)                                                                  0.68724 0.68720
(1, 4, 6, 16, 18)                                                                  0.66511 0.67573
(2, 3, 4, 6, 16)                                                                   0.68440 0.69013
(2, 3, 4, 6, 18)                                                                   0.67551 0.67387
(2, 3, 4, 16, 18)                                                                  0.39547 0.39507
(2, 3, 6, 16, 18)                                                                  0.66351 0.67173
(2, 4, 6, 16, 18)                                                                  0.65356 0.65693
(3, 4, 6, 16, 18)                                                                  0.67987 0.67680
(0, 1, 2, 3, 4, 6)                                                                 0.55058 0.56013
(0, 1, 2, 3, 4, 16)                                                                0.53947 0.54493
(0, 1, 2, 3, 4, 18)                                                                0.54987 0.55760
(0, 1, 2, 3, 6, 16)                                                                0.61769 0.62120
(0, 1, 2, 3, 6, 18)                                                                0.77760 0.78240
(0, 1, 2, 3, 16, 18)                                                               0.69484 0.70080
(0, 1, 2, 4, 6, 16)                                                                0.54138 0.54760
(0, 1, 2, 4, 6, 18)                                                                0.54876 0.55613
(0, 1, 2, 4, 16, 18)                                                               0.54418 0.55080
(0, 1, 2, 6, 16, 18)                                                               0.69480 0.70080
(0, 1, 3, 4, 6, 16)                                                                0.54138 0.54773
(0, 1, 3, 4, 6, 18)                                                                0.54871 0.55600
(0, 1, 3, 4, 16, 18)                                                               0.54436 0.55093
(0, 1, 3, 6, 16, 18)                                                               0.69480 0.70080
(0, 1, 4, 6, 16, 18)                                                               0.54391 0.54973
(0, 2, 3, 4, 6, 16)                                                                0.54133 0.54747
(0, 2, 3, 4, 6, 18)                                                                0.54880 0.55613
(0, 2, 3, 4, 16, 18)                                                               0.54427 0.55080
(0, 2, 3, 6, 16, 18)                                                               0.69476 0.70080
(0, 2, 4, 6, 16, 18)                                                               0.54382 0.54947
(0, 3, 4, 6, 16, 18)                                                               0.54391 0.54987
(1, 2, 3, 4, 6, 16)                                                                0.67378 0.67653
(1, 2, 3, 4, 6, 18)                                                                0.67609 0.67960
(1, 2, 3, 4, 16, 18)                                                               0.53698 0.54147
(1, 2, 3, 6, 16, 18)                                                               0.66836 0.67693
(1, 2, 4, 6, 16, 18)                                                               0.67187 0.67693
(1, 3, 4, 6, 16, 18)                                                               0.67680 0.68080
(2, 3, 4, 6, 16, 18)                                                               0.68022 0.68040
(0, 1, 2, 3, 4, 6, 16)                                                             0.54138 0.54747
(0, 1, 2, 3, 4, 6, 18)                                                             0.54876 0.55613
(0, 1, 2, 3, 4, 16, 18)                                                            0.54427 0.55067
(0, 1, 2, 3, 6, 16, 18)                                                            0.69476 0.70080
(0, 1, 2, 4, 6, 16, 18)                                                            0.54391 0.54973
(0, 1, 3, 4, 6, 16, 18)                                                            0.54396 0.54973
(0, 2, 3, 4, 6, 16, 18)                                                            0.54391 0.54973
(1, 2, 3, 4, 6, 16, 18)                                                            0.68124 0.68560
(0, 1, 2, 3, 4, 6, 16, 18)                                                         0.54396 0.54987
