features                                                                             train    test
(0,)                                                                               0.56493 0.57080
(1,)                                                                               0.57440 0.57307
(2,)                                                                               0.45191 0.45107
(3,)                                                                               0.53524 0.52253
(4,)                                                                               0.56542 0.55493
(5,)                                                                               0.77858 0.78480
(6,)                                                                               0.79569 0.79907
(7,)                                                                               0.78444 0.78760
(8,)                                                                               0.78636 0.78920
(9,)                                                                               0.79022 0.78853
(10,)                                                                              0.78422 0.78160
(5, 6)                                                                             0.78822 0.79253
(5, 7)                                                                             0.77702 0.78293
(5, 8)                                                                             0.77760 0.78693
(5, 9)                                                                             0.78049 0.78707
(5, 10)                                                                            0.77520 0.78053
(6, 7)                                                                             0.77818 0.78240
(6, 8)                                                                             0.78196 0.78933
(6, 9)                                                                             0.78649 0.78800
(6, 10)                                                                            0.78018 0.78253
(7, 8)                                                                             0.77467 0.78067
(7, 9)                                                                             0.77809 0.77947
(7, 10)                                                                            0.77347 0.77547
(8, 9)                                                                             0.78111 0.78280
(8, 10)                                                                            0.77609 0.77613
(9, 10)                                                                            0.77818 0.77133
(5, 6, 7)                                                                          0.77809 0.78187
(5, 6, 8)                                                                          0.78076 0.78747
(5, 6, 9)                                                                          0.78582 0.78720
(5, 6, 10)                                                                         0.77560 0.77680
(5, 7, 8)                                                                          0.76813 0.77493
(5, 7, 9)                                                                          0.77182 0.77533
(5, 7, 10)                                                                         0.78062 0.78360
(5, 8, 9)                                                                          0.79129 0.79267
(5, 8, 10)                                                                         0.78409 0.78840
(5, 9, 10)                                                                         0.77182 0.77453
(6, 7, 8)                                                                          0.76978 0.77627
(6, 7, 9)                                                                          0.77338 0.77480
(6, 7, 10)                                                                         0.76729 0.77053
(6, 8, 9)                                                                          0.77893 0.78253
(6, 8, 10)                                                                         0.77049 0.77440
(6, 9, 10)                                                                         0.77524 0.77080
(7, 8, 9)                                                                          0.76973 0.77187
(7, 8, 10)                                                                         0.76596 0.76693
(7, 9, 10)                                                                         0.77178 0.77213
(8, 9, 10)                                                                         0.76960 0.76613
(5, 6, 7, 8)                                                                       0.77200 0.77600
(5, 6, 7, 9)                                                                       0.77596 0.77387
(5, 6, 7, 10)                                                                      0.76716 0.76680
(5, 6, 8, 9)                                                                       0.79600 0.79307
(5, 6, 8, 10)                                                                      0.77804 0.77747
(5, 6, 9, 10)                                                                      0.78053 0.77680
(5, 7, 8, 9)                                                                       0.78222 0.78187
(5, 7, 8, 10)                                                                      0.79173 0.79080
(5, 7, 9, 10)                                                                      0.78147 0.78267
(5, 8, 9, 10)                                                                      0.78604 0.78227
(6, 7, 8, 9)                                                                       0.76600 0.76813
(6, 7, 8, 10)                                                                      0.77244 0.77147
(6, 7, 9, 10)                                                                      0.77813 0.77547
(6, 8, 9, 10)                                                                      0.77276 0.77120
(7, 8, 9, 10)                                                                      0.76529 0.76533
(5, 6, 7, 8, 9)                                                                    0.78640 0.78293
(5, 6, 7, 8, 10)                                                                   0.79720 0.79293
(5, 6, 7, 9, 10)                                                                   0.79533 0.78973
(5, 6, 8, 9, 10)                                                                   0.79293 0.78387
(5, 7, 8, 9, 10)                                                                   0.79560 0.79040
(6, 7, 8, 9, 10)                                                                   0.77262 0.76907
(5, 6, 7, 8, 9, 10)                                                                0.80196 0.79307
(11,)                                                                              0.89880 0.62453
(12,)                                                                              0.88751 0.61613
(13,)                                                                              0.87569 0.60040
(14,)                                                                              0.86569 0.60627
(15,)                                                                              0.85951 0.60067
(16,)                                                                              0.84338 0.58867
(11, 12)                                                                           0.95191 0.72080
(11, 13)                                                                           0.95533 0.72187
(11, 14)                                                                           0.95653 0.72440
(11, 15)                                                                           0.95840 0.72813
(11, 16)                                                                           0.96009 0.72187
(12, 13)                                                                           0.94093 0.70907
(12, 14)                                                                           0.94516 0.71027
(12, 15)                                                                           0.94804 0.71453
(12, 16)                                                                           0.95049 0.71253
(13, 14)                                                                           0.92969 0.70213
(13, 15)                                                                           0.93667 0.70080
(13, 16)                                                                           0.93764 0.70373
(14, 15)                                                                           0.92542 0.69160
(14, 16)                                                                           0.92893 0.70600
(15, 16)                                                                           0.91684 0.69013
(11, 12, 13)                                                                       0.96258 0.74973
(11, 12, 14)                                                                       0.96573 0.75240
(11, 12, 15)                                                                       0.96751 0.74720
(11, 12, 16)                                                                       0.96920 0.74733
(11, 13, 14)                                                                       0.96422 0.74667
(11, 13, 15)                                                                       0.96791 0.75013
(11, 13, 16)                                                                       0.97022 0.74813
(11, 14, 15)                                                                       0.96711 0.74893
(11, 14, 16)                                                                       0.96898 0.74667
(11, 15, 16)                                                                       0.96840 0.74133
(12, 13, 14)                                                                       0.95222 0.73413
(12, 13, 15)                                                                       0.95618 0.73307
(12, 13, 16)                                                                       0.95787 0.74173
(12, 14, 15)                                                                       0.95662 0.73373
(12, 14, 16)                                                                       0.95933 0.73773
(12, 15, 16)                                                                       0.95862 0.73760
(13, 14, 15)                                                                       0.94449 0.72773
(13, 14, 16)                                                                       0.94813 0.73320
(13, 15, 16)                                                                       0.94698 0.72893
(14, 15, 16)                                                                       0.93858 0.72387
(11, 12, 13, 14)                                                                   0.96964 0.75773
(11, 12, 13, 15)                                                                   0.97160 0.75960
(11, 12, 13, 16)                                                                   0.97396 0.76160
(11, 12, 14, 15)                                                                   0.97240 0.75813
(11, 12, 14, 16)                                                                   0.97449 0.75573
(11, 12, 15, 16)                                                                   0.97431 0.75707
(11, 13, 14, 15)                                                                   0.97173 0.75733
(11, 13, 14, 16)                                                                   0.97333 0.75773
(11, 13, 15, 16)                                                                   0.97356 0.75560
(11, 14, 15, 16)                                                                   0.97209 0.75160
(12, 13, 14, 15)                                                                   0.96044 0.74347
(12, 13, 14, 16)                                                                   0.96262 0.74773
(12, 13, 15, 16)                                                                   0.96258 0.74893
(12, 14, 15, 16)                                                                   0.96262 0.74453
(13, 14, 15, 16)                                                                   0.95218 0.74013
(11, 12, 13, 14, 15)                                                               0.97498 0.76173
(11, 12, 13, 14, 16)                                                               0.97658 0.76240
(11, 12, 13, 15, 16)                                                               0.97676 0.76293
(11, 12, 14, 15, 16)                                                               0.97631 0.75960
(11, 13, 14, 15, 16)                                                               0.97573 0.76013
(12, 13, 14, 15, 16)                                                               0.96547 0.75173
(11, 12, 13, 14, 15, 16)                                                           0.97818 0.76653
(17,)                                                                              0.67573 0.57853
(18,)                                                                              0.62929 0.53893
(19,)                                                                              0.63698 0.55693
(20,)                                                                              0.65289 0.56013
(21,)                                                                              0.64049 0.55680
(22,)                                                                              0.63284 0.55387
(17, 18)                                                                           0.84707 0.68293
(17, 19)                                                                           0.84649 0.67693
(17, 20)                                                                           0.84320 0.66173
(17, 21)                                                                           0.84884 0.67507
(17, 22)                                                                           0.84196 0.66573
(18, 19)                                                                           0.83836 0.68093
(18, 20)                                                                           0.83867 0.67253
(18, 21)                                                                           0.83324 0.66267
(18, 22)                                                                           0.82667 0.65360
(19, 20)                                                                           0.81284 0.65200
(19, 21)                                                                           0.82124 0.65307
(19, 22)                                                                           0.81369 0.65533
(20, 21)                                                                           0.80182 0.64160
(20, 22)                                                                           0.80711 0.64640
(21, 22)                                                                           0.79791 0.64600
(17, 18, 19)                                                                       0.91573 0.72160
(17, 18, 20)                                                                       0.91644 0.71813
(17, 18, 21)                                                                       0.91884 0.72560
(17, 18, 22)                                                                       0.91773 0.72280
(17, 19, 20)                                                                       0.91787 0.71827
(17, 19, 21)                                                                       0.91658 0.71507
(17, 19, 22)                                                                       0.91364 0.71107
(17, 20, 21)                                                                       0.91751 0.71520
(17, 20, 22)                                                                       0.91369 0.71813
(17, 21, 22)                                                                       0.91253 0.71213
(18, 19, 20)                                                                       0.90249 0.71560
(18, 19, 21)                                                                       0.90524 0.70613
(18, 19, 22)                                                                       0.90702 0.71080
(18, 20, 21)                                                                       0.90160 0.70093
(18, 20, 22)                                                                       0.90320 0.70907
(18, 21, 22)                                                                       0.90613 0.72013
(19, 20, 21)                                                                       0.89084 0.70173
(19, 20, 22)                                                                       0.89284 0.70960
(19, 21, 22)                                                                       0.89089 0.69840
(20, 21, 22)                                                                       0.88000 0.69333
(17, 18, 19, 20)                                                                   0.94707 0.73547
(17, 18, 19, 21)                                                                   0.94796 0.73627
(17, 18, 19, 22)                                                                   0.94880 0.73707
(17, 18, 20, 21)                                                                   0.94747 0.73547
(17, 18, 20, 22)                                                                   0.94707 0.73907
(17, 18, 21, 22)                                                                   0.94836 0.73920
(17, 19, 20, 21)                                                                   0.94613 0.73347
(17, 19, 20, 22)                                                                   0.94538 0.73333
(17, 19, 21, 22)                                                                   0.94578 0.73120
(17, 20, 21, 22)                                                                   0.94418 0.72733
(18, 19, 20, 21)                                                                   0.93311 0.72667
(18, 19, 20, 22)                                                                   0.93636 0.73307
(18, 19, 21, 22)                                                                   0.93680 0.73293
(18, 20, 21, 22)                                                                   0.93360 0.72280
(19, 20, 21, 22)                                                                   0.92476 0.71973
(17, 18, 19, 20, 21)                                                               0.95831 0.74773
(17, 18, 19, 20, 22)                                                               0.95907 0.75133
(17, 18, 19, 21, 22)                                                               0.96049 0.74480
(17, 18, 20, 21, 22)                                                               0.95853 0.74800
(17, 19, 20, 21, 22)                                                               0.95920 0.73853
(18, 19, 20, 21, 22)                                                               0.94867 0.74373
(17, 18, 19, 20, 21, 22)                                                           0.96467 0.75467
(0, 1)                                                                             0.57111 0.57440
(0, 2)                                                                             0.58022 0.57440
(0, 3)                                                                             0.60573 0.60013
(0, 4)                                                                             0.64138 0.59053
(0, 5, 6, 7, 8, 9, 10)                                                             0.84089 0.76560
(0, 11, 12, 13, 14, 15, 16)                                                        0.98516 0.77293
(0, 17, 18, 19, 20, 21, 22)                                                        0.97369 0.76853
(1, 2)                                                                             0.45191 0.45107
(1, 3)                                                                             0.57156 0.56907
(1, 4)                                                                             0.57298 0.55920
(1, 5, 6, 7, 8, 9, 10)                                                             0.79907 0.77840
(1, 11, 12, 13, 14, 15, 16)                                                        0.97920 0.76787
(1, 17, 18, 19, 20, 21, 22)                                                        0.96662 0.75880
(2, 3)                                                                             0.45249 0.45147
(2, 4)                                                                             0.56867 0.55213
(2, 5, 6, 7, 8, 9, 10)                                                             0.80680 0.78093
(2, 11, 12, 13, 14, 15, 16)                                                        0.97969 0.76800
(2, 17, 18, 19, 20, 21, 22)                                                        0.96840 0.76040
(3, 4)                                                                             0.53418 0.51027
(3, 5, 6, 7, 8, 9, 10)                                                             0.80369 0.77733
(3, 11, 12, 13, 14, 15, 16)                                                        0.97898 0.76867
(3, 17, 18, 19, 20, 21, 22)                                                        0.96596 0.75773
(4, 5, 6, 7, 8, 9, 10)                                                             0.85249 0.76800
(4, 11, 12, 13, 14, 15, 16)                                                        0.98569 0.77227
(4, 17, 18, 19, 20, 21, 22)                                                        0.97342 0.76120
(5, 6, 7, 8, 9, 10, 11, 12, 13, 14, 15, 16)                                        0.97898 0.80240
(5, 6, 7, 8, 9, 10, 17, 18, 19, 20, 21, 22)                                        0.97369 0.80547
(11, 12, 13, 14, 15, 16, 17, 18, 19, 20, 21, 22)                                   0.98107 0.78147
(0, 1, 2)                                                                          0.58084 0.56773
(0, 1, 3)                                                                          0.59898 0.59120
(0, 1, 4)                                                                          0.67413 0.59680
(0, 1, 5, 6, 7, 8, 9, 10)                                                          0.86000 0.76467
(0, 1, 11, 12, 13, 14, 15, 16)                                                     0.98787 0.77160
(0, 1, 17, 18, 19, 20, 21, 22)                                                     0.97778 0.77227
(0, 2, 3)                                                                          0.60449 0.58480
(0, 2, 4)                                                                          0.69729 0.61640
(0, 2, 5, 6, 7, 8, 9, 10)                                                          0.86787 0.76467
(0, 2, 11, 12, 13, 14, 15, 16)                                                     0.98747 0.77267
(0, 2, 17, 18, 19, 20, 21, 22)                                                     0.97787 0.76813
(0, 3, 4)                                                                          0.68178 0.60960
(0, 3, 5, 6, 7, 8, 9, 10)                                                          0.85973 0.76213
(0, 3, 11, 12, 13, 14, 15, 16)                                                     0.98711 0.77253
(0, 3, 17, 18, 19, 20, 21, 22)                                                     0.97667 0.77173
(0, 4, 5, 6, 7, 8, 9, 10)                                                          0.92520 0.76080
(0, 4, 11, 12, 13, 14, 15, 16)                                                     0.99613 0.77707
(0, 4, 17, 18, 19, 20, 21, 22)                                                     0.99151 0.77707
(0, 5, 6, 7, 8, 9, 10, 11, 12, 13, 14, 15, 16)                                     0.98622 0.80867
(0, 5, 6, 7, 8, 9, 10, 17, 18, 19, 20, 21, 22)                                     0.98284 0.81013
(0, 11, 12, 13, 14, 15, 16, 17, 18, 19, 20, 21, 22)                                0.98640 0.78347
(1, 2, 3)                                                                          0.52173 0.51467
(1, 2, 4)                                                                          0.58880 0.56093
(1, 2, 5, 6, 7, 8, 9, 10)                                                          0.81436 0.77773
(1, 2, 11, 12, 13, 14, 15, 16)                                                     0.98102 0.76787
(1, 2, 17, 18, 19, 20, 21, 22)                                                     0.96964 0.76227
(1, 3, 4)                                                                          0.57858 0.55173
(1, 3, 5, 6, 7, 8, 9, 10)                                                          0.80689 0.76587
(1, 3, 11, 12, 13, 14, 15, 16)                                                     0.98036 0.76587
(1, 3, 17, 18, 19, 20, 21, 22)                                                     0.96809 0.75933
(1, 4, 5, 6, 7, 8, 9, 10)                                                          0.86951 0.76587
(1, 4, 11, 12, 13, 14, 15, 16)                                                     0.98764 0.77240
(1, 4, 17, 18, 19, 20, 21, 22)                                                     0.97582 0.76560
(1, 5, 6, 7, 8, 9, 10, 11, 12, 13, 14, 15, 16)                                     0.98036 0.80320
(1, 5, 6, 7, 8, 9, 10, 17, 18, 19, 20, 21, 22)                                     0.97227 0.79947
(1, 11, 12, 13, 14, 15, 16, 17, 18, 19, 20, 21, 22)                                0.98169 0.78093
(2, 3, 4)                                                                          0.54324 0.51493
(2, 3, 5, 6, 7, 8, 9, 10)                                                          0.81124 0.77013
(2, 3, 11, 12, 13, 14, 15, 16)                                                     0.98080 0.77013
(2, 3, 17, 18, 19, 20, 21, 22)                                                     0.96911 0.76307
(2, 4, 5, 6, 7, 8, 9, 10)                                                          0.87920 0.77133
(2, 4, 11, 12, 13, 14, 15, 16)                                                     0.98853 0.77560
(2, 4, 17, 18, 19, 20, 21, 22)                                                     0.97858 0.76667
(2, 5, 6, 7, 8, 9, 10, 11, 12, 13, 14, 15, 16)                                     0.98036 0.80827
(2, 5, 6, 7, 8, 9, 10, 17, 18, 19, 20, 21, 22)                                     0.97440 0.80360
(2, 11, 12, 13, 14, 15, 16, 17, 18, 19, 20, 21, 22)                                0.98222 0.78227
(3, 4, 5, 6, 7, 8, 9, 10)                                                          0.86720 0.76760
(3, 4, 11, 12, 13, 14, 15, 16)                                                     0.98880 0.77200
(3, 4, 17, 18, 19, 20, 21, 22)                                                     0.97511 0.76427
(3, 5, 6, 7, 8, 9, 10, 11, 12, 13, 14, 15, 16)                                     0.97996 0.80333
(3, 5, 6, 7, 8, 9, 10, 17, 18, 19, 20, 21, 22)                                     0.97320 0.80213
(3, 11, 12, 13, 14, 15, 16, 17, 18, 19, 20, 21, 22)                                0.98164 0.77947
(4, 5, 6, 7, 8, 9, 10, 11, 12, 13, 14, 15, 16)                                     0.98836 0.81320
(4, 5, 6, 7, 8, 9, 10, 17, 18, 19, 20, 21, 22)                                     0.98529 0.81227
(4, 11, 12, 13, 14, 15, 16, 17, 18, 19, 20, 21, 22)                                0.98800 0.78333
(5, 6, 7, 8, 9, 10, 11, 12, 13, 14, 15, 16, 17, 18, 19, 20, 21, 22)                0.98178 0.80893
(0, 1, 2, 3)                                                                       0.60600 0.57680
(0, 1, 2, 4)                                                                       0.75071 0.63520
(0, 1, 2, 5, 6, 7, 8, 9, 10)                                                       0.88507 0.76187
(0, 1, 2, 11, 12, 13, 14, 15, 16)                                                  0.99076 0.77107
(0, 1, 2, 17, 18, 19, 20, 21, 22)                                                  0.98196 0.76960
(0, 1, 3, 4)                                                                       0.72360 0.61587
(0, 1, 3, 5, 6, 7, 8, 9, 10)                                                       0.88036 0.76280
(0, 1, 3, 11, 12, 13, 14, 15, 16)                                                  0.99036 0.77160
(0, 1, 3, 17, 18, 19, 20, 21, 22)                                                  0.98044 0.77000
(0, 1, 4, 5, 6, 7, 8, 9, 10)                                                       0.94031 0.76573
(0, 1, 4, 11, 12, 13, 14, 15, 16)                                                  0.99782 0.77880
(0, 1, 4, 17, 18, 19, 20, 21, 22)                                                  0.99467 0.77733
(0, 1, 5, 6, 7, 8, 9, 10, 11, 12, 13, 14, 15, 16)                                  0.98916 0.81160
(0, 1, 5, 6, 7, 8, 9, 10, 17, 18, 19, 20, 21, 22)                                  0.98596 0.81093
(0, 1, 11, 12, 13, 14, 15, 16, 17, 18, 19, 20, 21, 22)                             0.98862 0.78427
(0, 2, 3, 4)                                                                       0.74787 0.63947
(0, 2, 3, 5, 6, 7, 8, 9, 10)                                                       0.88667 0.76533
(0, 2, 3, 11, 12, 13, 14, 15, 16)                                                  0.99018 0.77053
(0, 2, 3, 17, 18, 19, 20, 21, 22)                                                  0.98093 0.76947
(0, 2, 4, 5, 6, 7, 8, 9, 10)                                                       0.94698 0.76693
(0, 2, 4, 11, 12, 13, 14, 15, 16)                                                  0.99791 0.77893
(0, 2, 4, 17, 18, 19, 20, 21, 22)                                                  0.99493 0.77827
(0, 2, 5, 6, 7, 8, 9, 10, 11, 12, 13, 14, 15, 16)                                  0.99044 0.81240
(0, 2, 5, 6, 7, 8, 9, 10, 17, 18, 19, 20, 21, 22)                                  0.98782 0.81147
(0, 2, 11, 12, 13, 14, 15, 16, 17, 18, 19, 20, 21, 22)                             0.98880 0.78573
(0, 3, 4, 5, 6, 7, 8, 9, 10)                                                       0.94169 0.76747
(0, 3, 4, 11, 12, 13, 14, 15, 16)                                                  0.99733 0.77507
(0, 3, 4, 17, 18, 19, 20, 21, 22)                                                  0.99378 0.77707
(0, 3, 5, 6, 7, 8, 9, 10, 11, 12, 13, 14, 15, 16)                                  0.98929 0.81173
(0, 3, 5, 6, 7, 8, 9, 10, 17, 18, 19, 20, 21, 22)                                  0.98631 0.81080
(0, 3, 11, 12, 13, 14, 15, 16, 17, 18, 19, 20, 21, 22)                             0.98849 0.78480
(0, 4, 5, 6, 7, 8, 9, 10, 11, 12, 13, 14, 15, 16)                                  0.99760 0.81813
(0, 4, 5, 6, 7, 8, 9, 10, 17, 18, 19, 20, 21, 22)                                  0.99711 0.81720
(0, 4, 11, 12, 13, 14, 15, 16, 17, 18, 19, 20, 21, 22)                             0.99671 0.78707
(0, 5, 6, 7, 8, 9, 10, 11, 12, 13, 14, 15, 16, 17, 18, 19, 20, 21, 22)             0.98796 0.81253
(1, 2, 3, 4)                                                                       0.60836 0.57173
(1, 2, 3, 5, 6, 7, 8, 9, 10)                                                       0.82516 0.76720
(1, 2, 3, 11, 12, 13, 14, 15, 16)                                                  0.98173 0.77053
(1, 2, 3, 17, 18, 19, 20, 21, 22)                                                  0.97076 0.76427
(1, 2, 4, 5, 6, 7, 8, 9, 10)                                                       0.89596 0.77040
(1, 2, 4, 11, 12, 13, 14, 15, 16)                                                  0.99151 0.77560
(1, 2, 4, 17, 18, 19, 20, 21, 22)                                                  0.98324 0.76733
(1, 2, 5, 6, 7, 8, 9, 10, 11, 12, 13, 14, 15, 16)                                  0.98329 0.80787
(1, 2, 5, 6, 7, 8, 9, 10, 17, 18, 19, 20, 21, 22)                                  0.97862 0.80573
(1, 2, 11, 12, 13, 14, 15, 16, 17, 18, 19, 20, 21, 22)                             0.98298 0.78373
(1, 3, 4, 5, 6, 7, 8, 9, 10)                                                       0.88147 0.76227
(1, 3, 4, 11, 12, 13, 14, 15, 16)                                                  0.98987 0.76960
(1, 3, 4, 17, 18, 19, 20, 21, 22)                                                  0.98062 0.76747
(1, 3, 5, 6, 7, 8, 9, 10, 11, 12, 13, 14, 15, 16)                                  0.98120 0.80707
(1, 3, 5, 6, 7, 8, 9, 10, 17, 18, 19, 20, 21, 22)                                  0.97507 0.80293
(1, 3, 11, 12, 13, 14, 15, 16, 17, 18, 19, 20, 21, 22)                             0.98267 0.78040
(1, 4, 5, 6, 7, 8, 9, 10, 11, 12, 13, 14, 15, 16)                                  0.99053 0.81360
(1, 4, 5, 6, 7, 8, 9, 10, 17, 18, 19, 20, 21, 22)                                  0.98862 0.81280
(1, 4, 11, 12, 13, 14, 15, 16, 17, 18, 19, 20, 21, 22)                             0.98862 0.78507
(1, 5, 6, 7, 8, 9, 10, 11, 12, 13, 14, 15, 16, 17, 18, 19, 20, 21, 22)             0.98227 0.80800
(2, 3, 4, 5, 6, 7, 8, 9, 10)                                                       0.89013 0.76427
(2, 3, 4, 11, 12, 13, 14, 15, 16)                                                  0.99053 0.77773
(2, 3, 4, 17, 18, 19, 20, 21, 22)                                                  0.98138 0.76720
(2, 3, 5, 6, 7, 8, 9, 10, 11, 12, 13, 14, 15, 16)                                  0.98249 0.80747
(2, 3, 5, 6, 7, 8, 9, 10, 17, 18, 19, 20, 21, 22)                                  0.97787 0.80213
(2, 3, 11, 12, 13, 14, 15, 16, 17, 18, 19, 20, 21, 22)                             0.98293 0.78253
(2, 4, 5, 6, 7, 8, 9, 10, 11, 12, 13, 14, 15, 16)                                  0.99102 0.81520
(2, 4, 5, 6, 7, 8, 9, 10, 17, 18, 19, 20, 21, 22)                                  0.98911 0.81320
(2, 4, 11, 12, 13, 14, 15, 16, 17, 18, 19, 20, 21, 22)                             0.99049 0.78893
(2, 5, 6, 7, 8, 9, 10, 11, 12, 13, 14, 15, 16, 17, 18, 19, 20, 21, 22)             0.98293 0.81107
(3, 4, 5, 6, 7, 8, 9, 10, 11, 12, 13, 14, 15, 16)                                  0.99044 0.81253
(3, 4, 5, 6, 7, 8, 9, 10, 17, 18, 19, 20, 21, 22)                                  0.98804 0.81040
(3, 4, 11, 12, 13, 14, 15, 16, 17, 18, 19, 20, 21, 22)                             0.99009 0.78547
(3, 5, 6, 7, 8, 9, 10, 11, 12, 13, 14, 15, 16, 17, 18, 19, 20, 21, 22)             0.98231 0.81013
(4, 5, 6, 7, 8, 9, 10, 11, 12, 13, 14, 15, 16, 17, 18, 19, 20, 21, 22)             0.98938 0.81387
(0, 1, 2, 3, 4)                                                                    0.79582 0.65747
(0, 1, 2, 3, 5, 6, 7, 8, 9, 10)                                                    0.89836 0.75333
(0, 1, 2, 3, 11, 12, 13, 14, 15, 16)                                               0.99369 0.77253
(0, 1, 2, 3, 17, 18, 19, 20, 21, 22)                                               0.98507 0.77293
(0, 1, 2, 4, 5, 6, 7, 8, 9, 10)                                                    0.96107 0.77573
(0, 1, 2, 4, 11, 12, 13, 14, 15, 16)                                               0.99876 0.78027
(0, 1, 2, 4, 17, 18, 19, 20, 21, 22)                                               0.99693 0.77773
(0, 1, 2, 5, 6, 7, 8, 9, 10, 11, 12, 13, 14, 15, 16)                               0.99311 0.81200
(0, 1, 2, 5, 6, 7, 8, 9, 10, 17, 18, 19, 20, 21, 22)                               0.99111 0.81133
(0, 1, 2, 11, 12, 13, 14, 15, 16, 17, 18, 19, 20, 21, 22)                          0.99178 0.78667
(0, 1, 3, 4, 5, 6, 7, 8, 9, 10)                                                    0.95551 0.77613
(0, 1, 3, 4, 11, 12, 13, 14, 15, 16)                                               0.99884 0.77733
(0, 1, 3, 4, 17, 18, 19, 20, 21, 22)                                               0.99653 0.78067
(0, 1, 3, 5, 6, 7, 8, 9, 10, 11, 12, 13, 14, 15, 16)                               0.99187 0.81187
(0, 1, 3, 5, 6, 7, 8, 9, 10, 17, 18, 19, 20, 21, 22)                               0.98942 0.80960
(0, 1, 3, 11, 12, 13, 14, 15, 16, 17, 18, 19, 20, 21, 22)                          0.99111 0.78600
(0, 1, 4, 5, 6, 7, 8, 9, 10, 11, 12, 13, 14, 15, 16)                               0.99867 0.81640
(0, 1, 4, 5, 6, 7, 8, 9, 10, 17, 18, 19, 20, 21, 22)                               0.99827 0.81853
(0, 1, 4, 11, 12, 13, 14, 15, 16, 17, 18, 19, 20, 21, 22)                          0.99800 0.79093
(0, 1, 5, 6, 7, 8, 9, 10, 11, 12, 13, 14, 15, 16, 17, 18, 19, 20, 21, 22)          0.99004 0.81533
(0, 2, 3, 4, 5, 6, 7, 8, 9, 10)                                                    0.96027 0.77573
(0, 2, 3, 4, 11, 12, 13, 14, 15, 16)                                               0.99858 0.77893
(0, 2, 3, 4, 17, 18, 19, 20, 21, 22)                                               0.99640 0.77960
(0, 2, 3, 5, 6, 7, 8, 9, 10, 11, 12, 13, 14, 15, 16)                               0.99271 0.81133
(0, 2, 3, 5, 6, 7, 8, 9, 10, 17, 18, 19, 20, 21, 22)                               0.99076 0.81133
(0, 2, 3, 11, 12, 13, 14, 15, 16, 17, 18, 19, 20, 21, 22)                          0.99107 0.78507
(0, 2, 4, 5, 6, 7, 8, 9, 10, 11, 12, 13, 14, 15, 16)                               0.99862 0.81747
(0, 2, 4, 5, 6, 7, 8, 9, 10, 17, 18, 19, 20, 21, 22)                               0.99836 0.81480
(0, 2, 4, 11, 12, 13, 14, 15, 16, 17, 18, 19, 20, 21, 22)                          0.99804 0.79027
(0, 2, 5, 6, 7, 8, 9, 10, 11, 12, 13, 14, 15, 16, 17, 18, 19, 20, 21, 22)          0.99116 0.81480
(0, 3, 4, 5, 6, 7, 8, 9, 10, 11, 12, 13, 14, 15, 16)                               0.99849 0.81680
(0, 3, 4, 5, 6, 7, 8, 9, 10, 17, 18, 19, 20, 21, 22)                               0.99804 0.81720
(0, 3, 4, 11, 12, 13, 14, 15, 16, 17, 18, 19, 20, 21, 22)                          0.99760 0.78680
(0, 3, 5, 6, 7, 8, 9, 10, 11, 12, 13, 14, 15, 16, 17, 18, 19, 20, 21, 22)          0.99009 0.81533
(0, 4, 5, 6, 7, 8, 9, 10, 11, 12, 13, 14, 15, 16, 17, 18, 19, 20, 21, 22)          0.99796 0.81613
(1, 2, 3, 4, 5, 6, 7, 8, 9, 10)                                                    0.90489 0.76600
(1, 2, 3, 4, 11, 12, 13, 14, 15, 16)                                               0.99347 0.77747
(1, 2, 3, 4, 17, 18, 19, 20, 21, 22)                                               0.98658 0.77053
(1, 2, 3, 5, 6, 7, 8, 9, 10, 11, 12, 13, 14, 15, 16)                               0.98364 0.80920
(1, 2, 3, 5, 6, 7, 8, 9, 10, 17, 18, 19, 20, 21, 22)                               0.97911 0.80520
(1, 2, 3, 11, 12, 13, 14, 15, 16, 17, 18, 19, 20, 21, 22)                          0.98356 0.78253
(1, 2, 4, 5, 6, 7, 8, 9, 10, 11, 12, 13, 14, 15, 16)                               0.99387 0.81400
(1, 2, 4, 5, 6, 7, 8, 9, 10, 17, 18, 19, 20, 21, 22)                               0.99244 0.81240
(1, 2, 4, 11, 12, 13, 14, 15, 16, 17, 18, 19, 20, 21, 22)                          0.99293 0.78547
(1, 2, 5, 6, 7, 8, 9, 10, 11, 12, 13, 14, 15, 16, 17, 18, 19, 20, 21, 22)          0.98511 0.81213
(1, 3, 4, 5, 6, 7, 8, 9, 10, 11, 12, 13, 14, 15, 16)                               0.99267 0.81533
(1, 3, 4, 5, 6, 7, 8, 9, 10, 17, 18, 19, 20, 21, 22)                               0.99102 0.81360
(1, 3, 4, 11, 12, 13, 14, 15, 16, 17, 18, 19, 20, 21, 22)                          0.99120 0.78693
(1, 3, 5, 6, 7, 8, 9, 10, 11, 12, 13, 14, 15, 16, 17, 18, 19, 20, 21, 22)          0.98316 0.81213
(1, 4, 5, 6, 7, 8, 9, 10, 11, 12, 13, 14, 15, 16, 17, 18, 19, 20, 21, 22)          0.99209 0.81347
(2, 3, 4, 5, 6, 7, 8, 9, 10, 11, 12, 13, 14, 15, 16)                               0.99284 0.81653
(2, 3, 4, 5, 6, 7, 8, 9, 10, 17, 18, 19, 20, 21, 22)                               0.99173 0.81427
(2, 3, 4, 11, 12, 13, 14, 15, 16, 17, 18, 19, 20, 21, 22)                          0.99173 0.78733
(2, 3, 5, 6, 7, 8, 9, 10, 11, 12, 13, 14, 15, 16, 17, 18, 19, 20, 21, 22)          0.98440 0.81147
(2, 4, 5, 6, 7, 8, 9, 10, 11, 12, 13, 14, 15, 16, 17, 18, 19, 20, 21, 22)          0.99236 0.81533
(3, 4, 5, 6, 7, 8, 9, 10, 11, 12, 13, 14, 15, 16, 17, 18, 19, 20, 21, 22)          0.99187 0.81533
(0, 1, 2, 3, 4, 5, 6, 7, 8, 9, 10)                                                 0.97062 0.78373
(0, 1, 2, 3, 4, 11, 12, 13, 14, 15, 16)                                            0.99920 0.77707
(0, 1, 2, 3, 4, 17, 18, 19, 20, 21, 22)                                            0.99778 0.78093
(0, 1, 2, 3, 5, 6, 7, 8, 9, 10, 11, 12, 13, 14, 15, 16)                            0.99507 0.81387
(0, 1, 2, 3, 5, 6, 7, 8, 9, 10, 17, 18, 19, 20, 21, 22)                            0.99347 0.81080
(0, 1, 2, 3, 11, 12, 13, 14, 15, 16, 17, 18, 19, 20, 21, 22)                       0.99422 0.79013
(0, 1, 2, 4, 5, 6, 7, 8, 9, 10, 11, 12, 13, 14, 15, 16)                            0.99929 0.81707
(0, 1, 2, 4, 5, 6, 7, 8, 9, 10, 17, 18, 19, 20, 21, 22)                            0.99911 0.81680
(0, 1, 2, 4, 11, 12, 13, 14, 15, 16, 17, 18, 19, 20, 21, 22)                       0.99884 0.78787
(0, 1, 2, 5, 6, 7, 8, 9, 10, 11, 12, 13, 14, 15, 16, 17, 18, 19, 20, 21, 22)       0.99378 0.81600
(0, 1, 3, 4, 5, 6, 7, 8, 9, 10, 11, 12, 13, 14, 15, 16)                            0.99933 0.81827
(0, 1, 3, 4, 5, 6, 7, 8, 9, 10, 17, 18, 19, 20, 21, 22)                            0.99898 0.81640
(0, 1, 3, 4, 11, 12, 13, 14, 15, 16, 17, 18, 19, 20, 21, 22)                       0.99880 0.79067
(0, 1, 3, 5, 6, 7, 8, 9, 10, 11, 12, 13, 14, 15, 16, 17, 18, 19, 20, 21, 22)       0.99227 0.81333
(0, 1, 4, 5, 6, 7, 8, 9, 10, 11, 12, 13, 14, 15, 16, 17, 18, 19, 20, 21, 22)       0.99889 0.81827
(0, 2, 3, 4, 5, 6, 7, 8, 9, 10, 11, 12, 13, 14, 15, 16)                            0.99916 0.81600
(0, 2, 3, 4, 5, 6, 7, 8, 9, 10, 17, 18, 19, 20, 21, 22)                            0.99898 0.81693
(0, 2, 3, 4, 11, 12, 13, 14, 15, 16, 17, 18, 19, 20, 21, 22)                       0.99862 0.78973
(0, 2, 3, 5, 6, 7, 8, 9, 10, 11, 12, 13, 14, 15, 16, 17, 18, 19, 20, 21, 22)       0.99356 0.81733
(0, 2, 4, 5, 6, 7, 8, 9, 10, 11, 12, 13, 14, 15, 16, 17, 18, 19, 20, 21, 22)       0.99876 0.81747
(0, 3, 4, 5, 6, 7, 8, 9, 10, 11, 12, 13, 14, 15, 16, 17, 18, 19, 20, 21, 22)       0.99867 0.81427
(1, 2, 3, 4, 5, 6, 7, 8, 9, 10, 11, 12, 13, 14, 15, 16)                            0.99507 0.81853
(1, 2, 3, 4, 5, 6, 7, 8, 9, 10, 17, 18, 19, 20, 21, 22)                            0.99431 0.81600
(1, 2, 3, 4, 11, 12, 13, 14, 15, 16, 17, 18, 19, 20, 21, 22)                       0.99453 0.78907
(1, 2, 3, 5, 6, 7, 8, 9, 10, 11, 12, 13, 14, 15, 16, 17, 18, 19, 20, 21, 22)       0.98596 0.81133
(1, 2, 4, 5, 6, 7, 8, 9, 10, 11, 12, 13, 14, 15, 16, 17, 18, 19, 20, 21, 22)       0.99462 0.81653
(1, 3, 4, 5, 6, 7, 8, 9, 10, 11, 12, 13, 14, 15, 16, 17, 18, 19, 20, 21, 22)       0.99404 0.81667
(2, 3, 4, 5, 6, 7, 8, 9, 10, 11, 12, 13, 14, 15, 16, 17, 18, 19, 20, 21, 22)       0.99360 0.81773
(0, 1, 2, 3, 4, 5, 6, 7, 8, 9, 10, 11, 12, 13, 14, 15, 16)                         0.99964 0.81640
(0, 1, 2, 3, 4, 5, 6, 7, 8, 9, 10, 17, 18, 19, 20, 21, 22)                         0.99942 0.81707
(0, 1, 2, 3, 4, 11, 12, 13, 14, 15, 16, 17, 18, 19, 20, 21, 22)                    0.99924 0.78827
(0, 1, 2, 3, 5, 6, 7, 8, 9, 10, 11, 12, 13, 14, 15, 16, 17, 18, 19, 20, 21, 22)    0.99547 0.81667
(0, 1, 2, 4, 5, 6, 7, 8, 9, 10, 11, 12, 13, 14, 15, 16, 17, 18, 19, 20, 21, 22)    0.99938 0.81600
(0, 1, 3, 4, 5, 6, 7, 8, 9, 10, 11, 12, 13, 14, 15, 16, 17, 18, 19, 20, 21, 22)    0.99942 0.81840
(0, 2, 3, 4, 5, 6, 7, 8, 9, 10, 11, 12, 13, 14, 15, 16, 17, 18, 19, 20, 21, 22)    0.99920 0.81853
(1, 2, 3, 4, 5, 6, 7, 8, 9, 10, 11, 12, 13, 14, 15, 16, 17, 18, 19, 20, 21, 22)    0.99569 0.81893
(0, 1, 2, 3, 4, 5, 6, 7, 8, 9, 10, 11, 12, 13, 14, 15, 16, 17, 18, 19, 20, 21, 22) 0.99969 0.81827
