features                                                                             train    test
(0,)                                                                               0.53107 0.53773
(1,)                                                                               0.57440 0.57307
(2,)                                                                               0.45191 0.45107
(3,)                                                                               0.53524 0.52253
(4,)                                                                               0.54342 0.53653
(5,)                                                                               0.77858 0.78480
(6,)                                                                               0.79489 0.79907
(7,)                                                                               0.78431 0.78773
(8,)                                                                               0.43929 0.44067
(9,)                                                                               0.43787 0.43800
(10,)                                                                              0.44560 0.44440
(5, 6)                                                                             0.77871 0.78467
(5, 7)                                                                             0.76627 0.77293
(5, 8)                                                                             0.76511 0.77480
(5, 9)                                                                             0.76760 0.77453
(5, 10)                                                                            0.76293 0.76987
(6, 7)                                                                             0.78258 0.78693
(6, 8)                                                                             0.78489 0.79173
(6, 9)                                                                             0.78751 0.78973
(6, 10)                                                                            0.78244 0.78573
(7, 8)                                                                             0.77764 0.78333
(7, 9)                                                                             0.47489 0.47160
(7, 10)                                                                            0.48396 0.48187
(8, 9)                                                                             0.46151 0.46080
(8, 10)                                                                            0.47644 0.47640
(9, 10)                                                                            0.46444 0.46160
(5, 6, 7)                                                                          0.77911 0.78547
(5, 6, 8)                                                                          0.78800 0.79387
(5, 6, 9)                                                                          0.78689 0.79320
(5, 6, 10)                                                                         0.77827 0.78480
(5, 7, 8)                                                                          0.76622 0.77293
(5, 7, 9)                                                                          0.76631 0.77307
(5, 7, 10)                                                                         0.76631 0.77280
(5, 8, 9)                                                                          0.76551 0.77493
(5, 8, 10)                                                                         0.76547 0.77493
(5, 9, 10)                                                                         0.76764 0.77453
(6, 7, 8)                                                                          0.77578 0.78187
(6, 7, 9)                                                                          0.77609 0.77933
(6, 7, 10)                                                                         0.77178 0.77547
(6, 8, 9)                                                                          0.77951 0.78560
(6, 8, 10)                                                                         0.77502 0.78053
(6, 9, 10)                                                                         0.78000 0.78000
(7, 8, 9)                                                                          0.47858 0.47520
(7, 8, 10)                                                                         0.48947 0.48747
(7, 9, 10)                                                                         0.48996 0.48693
(8, 9, 10)                                                                         0.48356 0.48333
(5, 6, 7, 8)                                                                       0.77911 0.78547
(5, 6, 7, 9)                                                                       0.77871 0.78493
(5, 6, 7, 10)                                                                      0.77738 0.78427
(5, 6, 8, 9)                                                                       0.78187 0.78920
(5, 6, 8, 10)                                                                      0.78098 0.79000
(5, 6, 9, 10)                                                                      0.78507 0.79227
(5, 7, 8, 9)                                                                       0.76631 0.77307
(5, 7, 8, 10)                                                                      0.76627 0.77280
(5, 7, 9, 10)                                                                      0.76627 0.77307
(5, 8, 9, 10)                                                                      0.76600 0.77507
(6, 7, 8, 9)                                                                       0.77027 0.77560
(6, 7, 8, 10)                                                                      0.76622 0.77200
(6, 7, 9, 10)                                                                      0.76991 0.77173
(6, 8, 9, 10)                                                                      0.77142 0.77600
(7, 8, 9, 10)                                                                      0.49373 0.49133
(5, 6, 7, 8, 9)                                                                    0.77871 0.78480
(5, 6, 7, 8, 10)                                                                   0.77840 0.78453
(5, 6, 7, 9, 10)                                                                   0.77764 0.78467
(5, 6, 8, 9, 10)                                                                   0.78249 0.79067
(5, 7, 8, 9, 10)                                                                   0.76627 0.77307
(6, 7, 8, 9, 10)                                                                   0.76333 0.76787
(5, 6, 7, 8, 9, 10)                                                                0.77849 0.78453
(11,)                                                                              0.40902 0.40680
(12,)                                                                              0.41204 0.40813
(13,)                                                                              0.41044 0.41160
(14,)                                                                              0.40209 0.40600
(15,)                                                                              0.39636 0.40213
(16,)                                                                              0.39316 0.39947
(11, 12)                                                                           0.42938 0.42547
(11, 13)                                                                           0.42929 0.42000
(11, 14)                                                                           0.42102 0.41000
(11, 15)                                                                           0.42551 0.41280
(11, 16)                                                                           0.42844 0.41960
(12, 13)                                                                           0.41564 0.41320
(12, 14)                                                                           0.41760 0.40720
(12, 15)                                                                           0.41307 0.40613
(12, 16)                                                                           0.41956 0.41307
(13, 14)                                                                           0.41249 0.40253
(13, 15)                                                                           0.40387 0.39480
(13, 16)                                                                           0.41147 0.40053
(14, 15)                                                                           0.40800 0.41200
(14, 16)                                                                           0.40720 0.40187
(15, 16)                                                                           0.41782 0.42187
(11, 12, 13)                                                                       0.43129 0.42400
(11, 12, 14)                                                                       0.42676 0.41173
(11, 12, 15)                                                                       0.43191 0.41653
(11, 12, 16)                                                                       0.43471 0.42307
(11, 13, 14)                                                                       0.42116 0.41027
(11, 13, 15)                                                                       0.42658 0.41213
(11, 13, 16)                                                                       0.43058 0.42000
(11, 14, 15)                                                                       0.42453 0.41053
(11, 14, 16)                                                                       0.42849 0.41733
(11, 15, 16)                                                                       0.42742 0.41387
(12, 13, 14)                                                                       0.41751 0.40587
(12, 13, 15)                                                                       0.41320 0.40480
(12, 13, 16)                                                                       0.41889 0.41267
(12, 14, 15)                                                                       0.41409 0.40680
(12, 14, 16)                                                                       0.41862 0.41160
(12, 15, 16)                                                                       0.41533 0.40880
(13, 14, 15)                                                                       0.40209 0.39493
(13, 14, 16)                                                                       0.40778 0.40080
(13, 15, 16)                                                                       0.40693 0.39707
(14, 15, 16)                                                                       0.40418 0.39947
(11, 12, 13, 14)                                                                   0.42720 0.41160
(11, 12, 13, 15)                                                                   0.43213 0.41813
(11, 12, 13, 16)                                                                   0.43547 0.42493
(11, 12, 14, 15)                                                                   0.43107 0.41613
(11, 12, 14, 16)                                                                   0.43298 0.42213
(11, 12, 15, 16)                                                                   0.43329 0.41987
(11, 13, 14, 15)                                                                   0.42458 0.41000
(11, 13, 14, 16)                                                                   0.42849 0.41747
(11, 13, 15, 16)                                                                   0.42867 0.41320
(11, 14, 15, 16)                                                                   0.42782 0.41373
(12, 13, 14, 15)                                                                   0.41262 0.40547
(12, 13, 14, 16)                                                                   0.41742 0.41107
(12, 13, 15, 16)                                                                   0.41547 0.41040
(12, 14, 15, 16)                                                                   0.41627 0.40840
(13, 14, 15, 16)                                                                   0.40680 0.39893
(11, 12, 13, 14, 15)                                                               0.43089 0.41467
(11, 12, 13, 14, 16)                                                               0.43351 0.42293
(11, 12, 13, 15, 16)                                                               0.43356 0.42133
(11, 12, 14, 15, 16)                                                               0.43253 0.42000
(11, 13, 14, 15, 16)                                                               0.42778 0.41360
(12, 13, 14, 15, 16)                                                               0.41622 0.40853
(11, 12, 13, 14, 15, 16)                                                           0.43307 0.42160
(17,)                                                                              0.43084 0.42373
(18,)                                                                              0.41596 0.41867
(19,)                                                                              0.40276 0.40160
(20,)                                                                              0.39116 0.39613
(21,)                                                                              0.39191 0.38760
(22,)                                                                              0.38298 0.38147
(17, 18)                                                                           0.43627 0.43280
(17, 19)                                                                           0.43351 0.43413
(17, 20)                                                                           0.43133 0.42413
(17, 21)                                                                           0.43151 0.42653
(17, 22)                                                                           0.42929 0.42360
(18, 19)                                                                           0.42671 0.42760
(18, 20)                                                                           0.42324 0.42160
(18, 21)                                                                           0.42120 0.41893
(18, 22)                                                                           0.41733 0.41760
(19, 20)                                                                           0.41684 0.41400
(19, 21)                                                                           0.41596 0.41200
(19, 22)                                                                           0.41156 0.41000
(20, 21)                                                                           0.40893 0.40627
(20, 22)                                                                           0.40711 0.40680
(21, 22)                                                                           0.40542 0.40000
(17, 18, 19)                                                                       0.44253 0.44133
(17, 18, 20)                                                                       0.44253 0.43853
(17, 18, 21)                                                                       0.44129 0.43613
(17, 18, 22)                                                                       0.43947 0.43640
(17, 19, 20)                                                                       0.44191 0.43813
(17, 19, 21)                                                                       0.43996 0.43973
(17, 19, 22)                                                                       0.43862 0.43547
(17, 20, 21)                                                                       0.43836 0.43360
(17, 20, 22)                                                                       0.43836 0.43133
(17, 21, 22)                                                                       0.43564 0.43120
(18, 19, 20)                                                                       0.43413 0.43307
(18, 19, 21)                                                                       0.43413 0.43680
(18, 19, 22)                                                                       0.43169 0.43227
(18, 20, 21)                                                                       0.43076 0.43227
(18, 20, 22)                                                                       0.42876 0.42933
(18, 21, 22)                                                                       0.42596 0.42693
(19, 20, 21)                                                                       0.42711 0.42427
(19, 20, 22)                                                                       0.42431 0.41960
(19, 21, 22)                                                                       0.42360 0.42107
(20, 21, 22)                                                                       0.41849 0.41613
(17, 18, 19, 20)                                                                   0.44933 0.44840
(17, 18, 19, 21)                                                                   0.44880 0.44760
(17, 18, 19, 22)                                                                   0.44698 0.44707
(17, 18, 20, 21)                                                                   0.44756 0.44507
(17, 18, 20, 22)                                                                   0.44618 0.44267
(17, 18, 21, 22)                                                                   0.44347 0.44120
(17, 19, 20, 21)                                                                   0.44578 0.44293
(17, 19, 20, 22)                                                                   0.44689 0.44360
(17, 19, 21, 22)                                                                   0.44422 0.44147
(17, 20, 21, 22)                                                                   0.44191 0.43827
(18, 19, 20, 21)                                                                   0.43960 0.44067
(18, 19, 20, 22)                                                                   0.43973 0.44040
(18, 19, 21, 22)                                                                   0.43813 0.44227
(18, 20, 21, 22)                                                                   0.43627 0.43640
(19, 20, 21, 22)                                                                   0.43351 0.42840
(17, 18, 19, 20, 21)                                                               0.45333 0.44920
(17, 18, 19, 20, 22)                                                               0.45191 0.44987
(17, 18, 19, 21, 22)                                                               0.45196 0.44960
(17, 18, 20, 21, 22)                                                               0.45120 0.44787
(17, 19, 20, 21, 22)                                                               0.44951 0.44667
(18, 19, 20, 21, 22)                                                               0.44529 0.44453
(17, 18, 19, 20, 21, 22)                                                           0.45653 0.45133
(0, 1)                                                                             0.54938 0.55613
(0, 2)                                                                             0.53676 0.54467
(0, 3)                                                                             0.54738 0.55160
(0, 4)                                                                             0.54124 0.55067
(0, 6)                                                                             0.62347 0.62453
(0, 11, 12, 13, 16)                                                                0.52911 0.54013
(0, 17, 18, 19, 20, 21, 22)                                                        0.53102 0.52947
(1, 2)                                                                             0.45191 0.45107
(1, 3)                                                                             0.57156 0.56907
(1, 4)                                                                             0.57369 0.57147
(1, 6)                                                                             0.65520 0.65773
(1, 11, 12, 13, 16)                                                                0.57578 0.57053
(1, 17, 18, 19, 20, 21, 22)                                                        0.49756 0.49693
(2, 3)                                                                             0.45249 0.45147
(2, 4)                                                                             0.45191 0.45107
(2, 6)                                                                             0.73587 0.74320
(2, 11, 12, 13, 16)                                                                0.47209 0.47187
(2, 17, 18, 19, 20, 21, 22)                                                        0.48529 0.49533
(3, 4)                                                                             0.53524 0.52253
(3, 6)                                                                             0.64342 0.64533
(3, 11, 12, 13, 16)                                                                0.54622 0.53347
(3, 17, 18, 19, 20, 21, 22)                                                        0.48249 0.48333
(4, 6)                                                                             0.70436 0.70653
(4, 11, 12, 13, 16)                                                                0.49738 0.49013
(4, 17, 18, 19, 20, 21, 22)                                                        0.46267 0.46267
(6, 11, 12, 13, 16)                                                                0.68013 0.67440
(6, 17, 18, 19, 20, 21, 22)                                                        0.61271 0.61187
(11, 12, 13, 16, 17, 18, 19, 20, 21, 22)                                           0.46956 0.46173
(0, 1, 2)                                                                          0.54191 0.54747
(0, 1, 3)                                                                          0.54271 0.54547
(0, 1, 4)                                                                          0.54840 0.55240
(0, 1, 6)                                                                          0.62449 0.62533
(0, 1, 11, 12, 13, 16)                                                             0.53582 0.53960
(0, 1, 17, 18, 19, 20, 21, 22)                                                     0.54489 0.54480
(0, 2, 3)                                                                          0.54111 0.54547
(0, 2, 4)                                                                          0.54004 0.55000
(0, 2, 6)                                                                          0.62142 0.62547
(0, 2, 11, 12, 13, 16)                                                             0.53089 0.54053
(0, 2, 17, 18, 19, 20, 21, 22)                                                     0.53196 0.53373
(0, 3, 4)                                                                          0.54116 0.54760
(0, 3, 6)                                                                          0.63422 0.63560
(0, 3, 11, 12, 13, 16)                                                             0.53489 0.54040
(0, 3, 17, 18, 19, 20, 21, 22)                                                     0.53733 0.53720
(0, 4, 6)                                                                          0.63413 0.63840
(0, 4, 11, 12, 13, 16)                                                             0.53560 0.53920
(0, 4, 17, 18, 19, 20, 21, 22)                                                     0.53667 0.54067
(0, 6, 11, 12, 13, 16)                                                             0.64631 0.63893
(0, 6, 17, 18, 19, 20, 21, 22)                                                     0.62142 0.61960
(0, 11, 12, 13, 16, 17, 18, 19, 20, 21, 22)                                        0.53240 0.53493
(1, 2, 3)                                                                          0.52044 0.51520
(1, 2, 4)                                                                          0.51000 0.51667
(1, 2, 6)                                                                          0.65831 0.66120
(1, 2, 11, 12, 13, 16)                                                             0.50644 0.50347
(1, 2, 17, 18, 19, 20, 21, 22)                                                     0.51338 0.50587
(1, 3, 4)                                                                          0.48418 0.47893
(1, 3, 6)                                                                          0.64342 0.64533
(1, 3, 11, 12, 13, 16)                                                             0.49947 0.48600
(1, 3, 17, 18, 19, 20, 21, 22)                                                     0.52587 0.52200
(1, 4, 6)                                                                          0.68316 0.68480
(1, 4, 11, 12, 13, 16)                                                             0.57120 0.56533
(1, 4, 17, 18, 19, 20, 21, 22)                                                     0.50791 0.51027
(1, 6, 11, 12, 13, 16)                                                             0.69231 0.69600
(1, 6, 17, 18, 19, 20, 21, 22)                                                     0.64044 0.64160
(1, 11, 12, 13, 16, 17, 18, 19, 20, 21, 22)                                        0.50711 0.49280
(2, 3, 4)                                                                          0.45293 0.45240
(2, 3, 6)                                                                          0.64764 0.64987
(2, 3, 11, 12, 13, 16)                                                             0.48862 0.48773
(2, 3, 17, 18, 19, 20, 21, 22)                                                     0.50400 0.50187
(2, 4, 6)                                                                          0.67964 0.68253
(2, 4, 11, 12, 13, 16)                                                             0.47280 0.47387
(2, 4, 17, 18, 19, 20, 21, 22)                                                     0.49449 0.49707
(2, 6, 11, 12, 13, 16)                                                             0.66818 0.66827
(2, 6, 17, 18, 19, 20, 21, 22)                                                     0.60569 0.60533
(2, 11, 12, 13, 16, 17, 18, 19, 20, 21, 22)                                        0.49787 0.49787
(3, 4, 6)                                                                          0.64342 0.64533
(3, 4, 11, 12, 13, 16)                                                             0.54622 0.53280
(3, 4, 17, 18, 19, 20, 21, 22)                                                     0.48360 0.48520
(3, 6, 11, 12, 13, 16)                                                             0.70516 0.70507
(3, 6, 17, 18, 19, 20, 21, 22)                                                     0.66160 0.66627
(3, 11, 12, 13, 16, 17, 18, 19, 20, 21, 22)                                        0.49360 0.48227
(4, 6, 11, 12, 13, 16)                                                             0.70142 0.70067
(4, 6, 17, 18, 19, 20, 21, 22)                                                     0.64911 0.65293
(4, 11, 12, 13, 16, 17, 18, 19, 20, 21, 22)                                        0.47582 0.46587
(6, 11, 12, 13, 16, 17, 18, 19, 20, 21, 22)                                        0.63542 0.62907
(0, 1, 2, 3)                                                                       0.54240 0.54667
(0, 1, 2, 4)                                                                       0.54787 0.55347
(0, 1, 2, 6)                                                                       0.62520 0.62813
(0, 1, 2, 11, 12, 13, 16)                                                          0.53680 0.54427
(0, 1, 2, 17, 18, 19, 20, 21, 22)                                                  0.54240 0.54267
(0, 1, 3, 4)                                                                       0.54871 0.55413
(0, 1, 3, 6)                                                                       0.64484 0.64400
(0, 1, 3, 11, 12, 13, 16)                                                          0.54600 0.54667
(0, 1, 3, 17, 18, 19, 20, 21, 22)                                                  0.54836 0.54480
(0, 1, 4, 6)                                                                       0.64400 0.64827
(0, 1, 4, 11, 12, 13, 16)                                                          0.54218 0.54800
(0, 1, 4, 17, 18, 19, 20, 21, 22)                                                  0.54849 0.54867
(0, 1, 6, 11, 12, 13, 16)                                                          0.65164 0.65200
(0, 1, 6, 17, 18, 19, 20, 21, 22)                                                  0.62964 0.62933
(0, 1, 11, 12, 13, 16, 17, 18, 19, 20, 21, 22)                                     0.54342 0.54013
(0, 2, 3, 4)                                                                       0.54013 0.54867
(0, 2, 3, 6)                                                                       0.62862 0.63187
(0, 2, 3, 11, 12, 13, 16)                                                          0.53316 0.53827
(0, 2, 3, 17, 18, 19, 20, 21, 22)                                                  0.53631 0.53600
(0, 2, 4, 6)                                                                       0.63120 0.63613
(0, 2, 4, 11, 12, 13, 16)                                                          0.53489 0.54133
(0, 2, 4, 17, 18, 19, 20, 21, 22)                                                  0.53520 0.54120
(0, 2, 6, 11, 12, 13, 16)                                                          0.64196 0.63867
(0, 2, 6, 17, 18, 19, 20, 21, 22)                                                  0.61840 0.61667
(0, 2, 11, 12, 13, 16, 17, 18, 19, 20, 21, 22)                                     0.53409 0.53533
(0, 3, 4, 6)                                                                       0.64191 0.64427
(0, 3, 4, 11, 12, 13, 16)                                                          0.53711 0.54027
(0, 3, 4, 17, 18, 19, 20, 21, 22)                                                  0.53818 0.53893
(0, 3, 6, 11, 12, 13, 16)                                                          0.65769 0.66013
(0, 3, 6, 17, 18, 19, 20, 21, 22)                                                  0.63280 0.63520
(0, 3, 11, 12, 13, 16, 17, 18, 19, 20, 21, 22)                                     0.54164 0.53773
(0, 4, 6, 11, 12, 13, 16)                                                          0.65693 0.66133
(0, 4, 6, 17, 18, 19, 20, 21, 22)                                                  0.63436 0.63600
(0, 4, 11, 12, 13, 16, 17, 18, 19, 20, 21, 22)                                     0.54142 0.54307
(0, 6, 11, 12, 13, 16, 17, 18, 19, 20, 21, 22)                                     0.62960 0.62853
(1, 2, 3, 4)                                                                       0.52151 0.51627
(1, 2, 3, 6)                                                                       0.65338 0.65587
(1, 2, 3, 11, 12, 13, 16)                                                          0.53062 0.52267
(1, 2, 3, 17, 18, 19, 20, 21, 22)                                                  0.51542 0.51587
(1, 2, 4, 6)                                                                       0.66307 0.66693
(1, 2, 4, 11, 12, 13, 16)                                                          0.50453 0.50147
(1, 2, 4, 17, 18, 19, 20, 21, 22)                                                  0.51293 0.50720
(1, 2, 6, 11, 12, 13, 16)                                                          0.67649 0.67680
(1, 2, 6, 17, 18, 19, 20, 21, 22)                                                  0.62920 0.63093
(1, 2, 11, 12, 13, 16, 17, 18, 19, 20, 21, 22)                                     0.52178 0.51480
(1, 3, 4, 6)                                                                       0.69191 0.69600
(1, 3, 4, 11, 12, 13, 16)                                                          0.50276 0.48707
(1, 3, 4, 17, 18, 19, 20, 21, 22)                                                  0.52600 0.52187
(1, 3, 6, 11, 12, 13, 16)                                                          0.68493 0.68267
(1, 3, 6, 17, 18, 19, 20, 21, 22)                                                  0.64596 0.64973
(1, 3, 11, 12, 13, 16, 17, 18, 19, 20, 21, 22)                                     0.53702 0.53013
(1, 4, 6, 11, 12, 13, 16)                                                          0.69169 0.69280
(1, 4, 6, 17, 18, 19, 20, 21, 22)                                                  0.65236 0.66053
(1, 4, 11, 12, 13, 16, 17, 18, 19, 20, 21, 22)                                     0.51187 0.49920
(1, 6, 11, 12, 13, 16, 17, 18, 19, 20, 21, 22)                                     0.65089 0.64493
(2, 3, 4, 6)                                                                       0.64853 0.65107
(2, 3, 4, 11, 12, 13, 16)                                                          0.48996 0.48973
(2, 3, 4, 17, 18, 19, 20, 21, 22)                                                  0.50427 0.50067
(2, 3, 6, 11, 12, 13, 16)                                                          0.69471 0.69653
(2, 3, 6, 17, 18, 19, 20, 21, 22)                                                  0.65009 0.65227
(2, 3, 11, 12, 13, 16, 17, 18, 19, 20, 21, 22)                                     0.51956 0.51253
(2, 4, 6, 11, 12, 13, 16)                                                          0.68969 0.68560
(2, 4, 6, 17, 18, 19, 20, 21, 22)                                                  0.63627 0.63867
(2, 4, 11, 12, 13, 16, 17, 18, 19, 20, 21, 22)                                     0.50489 0.50107
(2, 6, 11, 12, 13, 16, 17, 18, 19, 20, 21, 22)                                     0.62916 0.62867
(3, 4, 6, 11, 12, 13, 16)                                                          0.70142 0.69840
(3, 4, 6, 17, 18, 19, 20, 21, 22)                                                  0.66427 0.66440
(3, 4, 11, 12, 13, 16, 17, 18, 19, 20, 21, 22)                                     0.49409 0.48267
(3, 6, 11, 12, 13, 16, 17, 18, 19, 20, 21, 22)                                     0.66244 0.65813
(4, 6, 11, 12, 13, 16, 17, 18, 19, 20, 21, 22)                                     0.65689 0.65387
(0, 1, 2, 3, 4)                                                                    0.54751 0.55173
(0, 1, 2, 3, 6)                                                                    0.64169 0.64360
(0, 1, 2, 3, 11, 12, 13, 16)                                                       0.54551 0.54573
(0, 1, 2, 3, 17, 18, 19, 20, 21, 22)                                               0.54716 0.54627
(0, 1, 2, 4, 6)                                                                    0.63702 0.64253
(0, 1, 2, 4, 11, 12, 13, 16)                                                       0.54347 0.54787
(0, 1, 2, 4, 17, 18, 19, 20, 21, 22)                                               0.54778 0.54960
(0, 1, 2, 6, 11, 12, 13, 16)                                                       0.64720 0.64773
(0, 1, 2, 6, 17, 18, 19, 20, 21, 22)                                               0.62604 0.62773
(0, 1, 2, 11, 12, 13, 16, 17, 18, 19, 20, 21, 22)                                  0.54316 0.54080
(0, 1, 3, 4, 6)                                                                    0.64538 0.64800
(0, 1, 3, 4, 11, 12, 13, 16)                                                       0.54804 0.54907
(0, 1, 3, 4, 17, 18, 19, 20, 21, 22)                                               0.54947 0.54960
(0, 1, 3, 6, 11, 12, 13, 16)                                                       0.65880 0.66107
(0, 1, 3, 6, 17, 18, 19, 20, 21, 22)                                               0.64178 0.63920
(0, 1, 3, 11, 12, 13, 16, 17, 18, 19, 20, 21, 22)                                  0.55200 0.54520
(0, 1, 4, 6, 11, 12, 13, 16)                                                       0.66222 0.66453
(0, 1, 4, 6, 17, 18, 19, 20, 21, 22)                                               0.64173 0.64227
(0, 1, 4, 11, 12, 13, 16, 17, 18, 19, 20, 21, 22)                                  0.54893 0.54267
(0, 1, 6, 11, 12, 13, 16, 17, 18, 19, 20, 21, 22)                                  0.64036 0.63560
(0, 2, 3, 4, 6)                                                                    0.63684 0.63720
(0, 2, 3, 4, 11, 12, 13, 16)                                                       0.53662 0.54187
(0, 2, 3, 4, 17, 18, 19, 20, 21, 22)                                               0.53716 0.53680
(0, 2, 3, 6, 11, 12, 13, 16)                                                       0.65209 0.65467
(0, 2, 3, 6, 17, 18, 19, 20, 21, 22)                                               0.63111 0.63467
(0, 2, 3, 11, 12, 13, 16, 17, 18, 19, 20, 21, 22)                                  0.54067 0.53947
(0, 2, 4, 6, 11, 12, 13, 16)                                                       0.65342 0.65360
(0, 2, 4, 6, 17, 18, 19, 20, 21, 22)                                               0.63124 0.63347
(0, 2, 4, 11, 12, 13, 16, 17, 18, 19, 20, 21, 22)                                  0.53849 0.54240
(0, 2, 6, 11, 12, 13, 16, 17, 18, 19, 20, 21, 22)                                  0.62502 0.62667
(0, 3, 4, 6, 11, 12, 13, 16)                                                       0.66076 0.66253
(0, 3, 4, 6, 17, 18, 19, 20, 21, 22)                                               0.63778 0.64013
(0, 3, 4, 11, 12, 13, 16, 17, 18, 19, 20, 21, 22)                                  0.54476 0.53907
(0, 3, 6, 11, 12, 13, 16, 17, 18, 19, 20, 21, 22)                                  0.64422 0.64440
(0, 4, 6, 11, 12, 13, 16, 17, 18, 19, 20, 21, 22)                                  0.64164 0.64280
(1, 2, 3, 4, 6)                                                                    0.65009 0.65107
(1, 2, 3, 4, 11, 12, 13, 16)                                                       0.52920 0.52427
(1, 2, 3, 4, 17, 18, 19, 20, 21, 22)                                               0.51556 0.51467
(1, 2, 3, 6, 11, 12, 13, 16)                                                       0.67862 0.67813
(1, 2, 3, 6, 17, 18, 19, 20, 21, 22)                                               0.64333 0.64787
(1, 2, 3, 11, 12, 13, 16, 17, 18, 19, 20, 21, 22)                                  0.52511 0.51413
(1, 2, 4, 6, 11, 12, 13, 16)                                                       0.68142 0.68533
(1, 2, 4, 6, 17, 18, 19, 20, 21, 22)                                               0.64556 0.65240
(1, 2, 4, 11, 12, 13, 16, 17, 18, 19, 20, 21, 22)                                  0.52156 0.51387
(1, 2, 6, 11, 12, 13, 16, 17, 18, 19, 20, 21, 22)                                  0.64311 0.63973
(1, 3, 4, 6, 11, 12, 13, 16)                                                       0.68622 0.68733
(1, 3, 4, 6, 17, 18, 19, 20, 21, 22)                                               0.64596 0.65200
(1, 3, 4, 11, 12, 13, 16, 17, 18, 19, 20, 21, 22)                                  0.53600 0.52760
(1, 3, 6, 11, 12, 13, 16, 17, 18, 19, 20, 21, 22)                                  0.66476 0.66787
(1, 4, 6, 11, 12, 13, 16, 17, 18, 19, 20, 21, 22)                                  0.66502 0.66733
(2, 3, 4, 6, 11, 12, 13, 16)                                                       0.69498 0.69200
(2, 3, 4, 6, 17, 18, 19, 20, 21, 22)                                               0.65760 0.65800
(2, 3, 4, 11, 12, 13, 16, 17, 18, 19, 20, 21, 22)                                  0.51942 0.51227
(2, 3, 6, 11, 12, 13, 16, 17, 18, 19, 20, 21, 22)                                  0.65667 0.65547
(2, 4, 6, 11, 12, 13, 16, 17, 18, 19, 20, 21, 22)                                  0.64942 0.64933
(3, 4, 6, 11, 12, 13, 16, 17, 18, 19, 20, 21, 22)                                  0.66902 0.66747
(0, 1, 2, 3, 4, 6)                                                                 0.64293 0.64427
(0, 1, 2, 3, 4, 11, 12, 13, 16)                                                    0.54716 0.54813
(0, 1, 2, 3, 4, 17, 18, 19, 20, 21, 22)                                            0.54893 0.54973
(0, 1, 2, 3, 6, 11, 12, 13, 16)                                                    0.65573 0.65853
(0, 1, 2, 3, 6, 17, 18, 19, 20, 21, 22)                                            0.63920 0.63653
(0, 1, 2, 3, 11, 12, 13, 16, 17, 18, 19, 20, 21, 22)                               0.55053 0.54453
(0, 1, 2, 4, 6, 11, 12, 13, 16)                                                    0.65804 0.66107
(0, 1, 2, 4, 6, 17, 18, 19, 20, 21, 22)                                            0.63880 0.63987
(0, 1, 2, 4, 11, 12, 13, 16, 17, 18, 19, 20, 21, 22)                               0.54862 0.54467
(0, 1, 2, 6, 11, 12, 13, 16, 17, 18, 19, 20, 21, 22)                               0.63622 0.63267
(0, 1, 3, 4, 6, 11, 12, 13, 16)                                                    0.66138 0.66453
(0, 1, 3, 4, 6, 17, 18, 19, 20, 21, 22)                                            0.64360 0.64280
(0, 1, 3, 4, 11, 12, 13, 16, 17, 18, 19, 20, 21, 22)                               0.55382 0.54800
(0, 1, 3, 6, 11, 12, 13, 16, 17, 18, 19, 20, 21, 22)                               0.64978 0.64773
(0, 1, 4, 6, 11, 12, 13, 16, 17, 18, 19, 20, 21, 22)                               0.64933 0.64533
(0, 2, 3, 4, 6, 11, 12, 13, 16)                                                    0.65609 0.65680
(0, 2, 3, 4, 6, 17, 18, 19, 20, 21, 22)                                            0.63476 0.63787
(0, 2, 3, 4, 11, 12, 13, 16, 17, 18, 19, 20, 21, 22)                               0.54333 0.53893
(0, 2, 3, 6, 11, 12, 13, 16, 17, 18, 19, 20, 21, 22)                               0.64200 0.64253
(0, 2, 4, 6, 11, 12, 13, 16, 17, 18, 19, 20, 21, 22)                               0.63884 0.63853
(0, 3, 4, 6, 11, 12, 13, 16, 17, 18, 19, 20, 21, 22)                               0.64804 0.64760
(1, 2, 3, 4, 6, 11, 12, 13, 16)                                                    0.68067 0.67947
(1, 2, 3, 4, 6, 17, 18, 19, 20, 21, 22)                                            0.64284 0.64800
(1, 2, 3, 4, 11, 12, 13, 16, 17, 18, 19, 20, 21, 22)                               0.52573 0.51507
(1, 2, 3, 6, 11, 12, 13, 16, 17, 18, 19, 20, 21, 22)                               0.66111 0.66467
(1, 2, 4, 6, 11, 12, 13, 16, 17, 18, 19, 20, 21, 22)                               0.65796 0.65907
(1, 3, 4, 6, 11, 12, 13, 16, 17, 18, 19, 20, 21, 22)                               0.66324 0.66627
(2, 3, 4, 6, 11, 12, 13, 16, 17, 18, 19, 20, 21, 22)                               0.66191 0.66267
(0, 1, 2, 3, 4, 6, 11, 12, 13, 16)                                                 0.65876 0.65920
(0, 1, 2, 3, 4, 6, 17, 18, 19, 20, 21, 22)                                         0.64164 0.63920
(0, 1, 2, 3, 4, 11, 12, 13, 16, 17, 18, 19, 20, 21, 22)                            0.55200 0.55013
(0, 1, 2, 3, 6, 11, 12, 13, 16, 17, 18, 19, 20, 21, 22)                            0.64733 0.64480
(0, 1, 2, 4, 6, 11, 12, 13, 16, 17, 18, 19, 20, 21, 22)                            0.64431 0.64347
(0, 1, 3, 4, 6, 11, 12, 13, 16, 17, 18, 19, 20, 21, 22)                            0.65213 0.65053
(0, 2, 3, 4, 6, 11, 12, 13, 16, 17, 18, 19, 20, 21, 22)                            0.64431 0.64587
(1, 2, 3, 4, 6, 11, 12, 13, 16, 17, 18, 19, 20, 21, 22)                            0.65969 0.66347
(0, 1, 2, 3, 4, 6, 11, 12, 13, 16, 17, 18, 19, 20, 21, 22)                         0.64911 0.64613
